INFO:root:Input matrix:
[[1, -5, -7, 1]
 [1, -3, -9, -4]
 [-2, 4, 2, 1]
 [-9, 9, 5, 3]]
INFO:root:Matrix constants: [-75, -41, 18, 29]
INFO:root:[-75, -41, 18, 29]
INFO:root:Lower matrix:
[[1, 0, 0, 0]
 [-0.1111111111111111, 1, 0, 0]
 [-0.1111111111111111, 0.5, 1, 0]
 [0.2222222222222222, -0.5, 0.4468085106382979, 1]]
INFO:root:Upper matrix:
[[-9, 9, 5, 3]
 [0.0, -4.0, -6.444444444444445, 1.3333333333333333]
 [0.0, 0.0, -5.222222222222222, -4.333333333333333]
 [0.0, 0.0, 0.0, 2.9361702127659575]]
INFO:root:Permutation array: [3, 0, 1, 2, 3]
INFO:root:Solution: [2.000000000000002, 4.0000000000000036, 6.999999999999997, -7.999999999999997]
INFO:root:Determinant: 552
INFO:root:Matrix inverse:
[[0.028985507246376843, -0.032608695652173926, 0.5253623188405796, -0.2282608695652174]
 [0.007246376811594235, 0.0543478260869565, 0.5688405797101449, -0.11956521739130435]
 [-0.10869565217391305, -0.06521739130434781, -0.2826086956521739, 0.043478260869565216]
 [0.2463768115942029, -0.15217391304347827, 0.34057971014492755, -0.06521739130434782]]
